background(135, 206, 235); 

fill(255, 223, 0); 
ellipse(350, 50, 80, 80); 

fill(34, 139, 34); 
rect(0, 300, 400, 100); 

fill(169, 169, 169); 
rect(150, 300, 100, 100); 

fill(139, 69, 19); 
rect(170, 250, 60, 10); 
rect(170, 260, 10, 40); 
rect(220, 260, 10, 40); 
rect(170, 230, 60, 10); 
rect(170, 230, 10, 20); 
rect(220, 230, 10, 20); 

fill(139, 69, 19); 
rect(50, 200, 20, 100); 
rect(330, 200, 20, 100); 

fill(34, 139, 34); 
ellipse(60, 180, 80, 80); 
ellipse(30, 200, 60, 60); 
ellipse(90, 200, 60, 60); 

ellipse(340, 180, 80, 80); 
ellipse(310, 200, 60, 60); 
ellipse(370, 200, 60, 60); 

fill(255, 0, 0); 
ellipse(80, 330, 10, 10); 
fill(0, 255, 0); 
rect(78, 340, 4, 10); 
fill(255, 0, 255); 
ellipse(320, 330, 10, 10); 
rect(318, 340, 4, 10); 

fill(255, 165, 0); 
ellipse(80, 325, 5, 5); 
ellipse(85, 330, 5, 5); 
ellipse(75, 330, 5, 5); 
ellipse(80, 335, 5, 5); 

fill(255, 165, 0); 
ellipse(320, 325, 5, 5); 
ellipse(325, 330, 5, 5); 
ellipse(315, 330, 5, 5); 
ellipse(320, 335, 5, 5); 
