background(135, 206, 250); 

fill(165, 42, 42); 
triangle(50, 300, 150, 100, 250, 300); 
triangle(200, 300, 300, 100, 400, 300); 

fill(255, 255, 255); 
triangle(150, 150, 175, 100, 200, 150); 
triangle(300, 150, 325, 100, 350, 150); 

fill(0, 191, 255); 
beginShape();
vertex(0, 300);
vertex(50, 400);
vertex(100, 350);
vertex(150, 400);
vertex(200, 300);
vertex(250, 400);
vertex(300, 350);
vertex(350, 400);
vertex(400, 300);
endShape(CLOSE);

fill(34, 139, 34); 
rect(0, 300, 400, 100); 

fill(255, 140, 0); 
triangle(150, 350, 200, 250, 250, 350); 
fill(218, 165, 32); 
quad(200, 250, 250, 350, 300, 350, 250, 250); 

fill(139, 69, 19); 
rect(300, 360, 10, 20); 
rect(310, 360, 10, 20); 
fill(255, 69, 0); 
ellipse(305, 350, 30, 30); 
fill(255, 140, 0); 
ellipse(305, 340, 20, 20); 
fill(255, 255, 0); 
ellipse(305, 330, 10, 10); 

fill(139, 69, 19); 
rect(50, 300, 20, 50); 
rect(350, 300, 20, 50); 

fill(34, 139, 34); 
ellipse(60, 270, 80, 80); 
ellipse(30, 290, 60, 60); 
ellipse(90, 290, 60, 60); 

ellipse(360, 270, 80, 80); 
ellipse(330, 290, 60, 60); 
ellipse(390, 290, 60, 60); 

fill(255, 255, 255); 
ellipse(300, 70, 100, 60); 
ellipse(330, 70, 100, 60); 
ellipse(315, 50, 100, 60); 
ellipse(100, 100, 100, 60); 
ellipse(130, 100, 100, 60); 
ellipse(115, 80, 100, 60); 
